01 02
02 01 03 05
03 02 04 05 12
04 03 05 12 13
05 02 03 04 08 15 18
07 02 39
08 05 18 19 39
09 10 11 12 25 26
10 09 20
11 09 12
12 03 04 09 11 13 14 15 16
13 04 12 15
14 12 16 19 20 37
15 05 12 13 16 17 18
16 12 14 15 17 19
17 15 16 18 19
18 05 08 15 17 19
19 08 14 16 17 18 37 38 39
20 10 14 21 22
21 20 23 27
22 20 24 32 34 35
23 21 22 24 27 29
24 22 23 29 32
25 09 26 28
26 09 25 27
27 21 23 26 28 29
28 25 27 29
29 23 24 27 28 30 32 31
30 29
31 29 32 33 42 52 54
32 22 24 29 31 33 34
33 31 32 34 41 42
34 22 32 33 35 36 41
35 22 34 36
36 35 37
37 14 19 36 38
38 19 37 39 40
39 07 08 19 38 40
40 38 39 41 42 43
41 33 34 40 42
42 31 33 41 40 43 50
43 40 42 44
44 43 46
45 46
46 44 45 47
47 46 48
48 47 49 51
49 48 50 51 52
50 42 52 49
51 48 49 60
52 31 49 50 53 57
53 52 61
54 31 55
55 54 56 58
56 55 58
57 52 58
58 55 56 57 59
59 58
60 51
61 53 62 64
62 61 63 64
63 62 64
64 61 62 63 65
65 64 66
66 65
